
X0 = np.array([[9.37319011,8.71875981],
[8.51261889,8.40558943],
[9.4696794,9.02144973],
[8.78736889,8.29380961],
[8.81231157,8.56119497],
[9.03717355,8.93397133],
[8.53790057,8.87434722],
[9.29312867,9.76537389],
[8.38805594,8.86419379],
[8.57279694,7.90707347]
])
X1 = np.array([[10.42746579,7.71254431],
[11.24760864,9.39846497],
[10.33595491,8.61731637],
[10.69420104,8.94273986],
[11.53897645,9.54957308],
[10.3071994,7.19362396],
[11.13924705,9.09561534],
[11.47383468,9.41269466],
[11.00512009,8.89290099],
[11.28205624,8.79675607]
])
X =np.array( [[9.37319011, 
8.51261889, 
9.4696794, 
8.78736889, 
8.81231157, 
9.03717355, 
8.53790057, 
9.29312867, 
8.38805594, 
8.57279694, 
10.42746579, 
11.24760864, 
10.33595491, 
10.69420104, 
11.53897645, 
10.3071994, 
11.13924705, 
11.47383468, 
11.00512009, 
11.28205624, 
],
[8.71875981, 
8.40558943, 
9.02144973, 
8.29380961, 
8.56119497, 
8.93397133, 
8.87434722, 
9.76537389, 
8.86419379, 
7.90707347, 
7.71254431, 
9.39846497, 
8.61731637, 
8.94273986, 
9.54957308, 
7.19362396, 
9.09561534, 
9.41269466, 
8.89290099, 
8.79675607, 
]])
y = np.array([[1, 
1, 
1, 
1, 
1, 
1, 
1, 
1, 
1, 
1, 
-1, 
-1, 
-1, 
-1, 
-1, 
-1, 
-1, 
-1, 
-1, 
-1, 
]])